UW-Deaths UV-Deaths UVW-Deaths TW-Deaths TV-Deaths TVW-Deaths
176.727 0 0 0 0 0
174.429 1.50185 0.213002 0.390755 0.00361679 0.000483136
168.81 5.21563 0.726143 1.33492 0.0258849 0.00341367
161.263 10.2727 1.40266 2.58436 0.0785861 0.0102277
152.682 16.1091 2.15539 3.98054 0.168416 0.0216229
143.641 22.36 2.92947 5.42333 0.298789 0.0378322
134.499 28.7904 3.69102 6.85052 0.471018 0.0588003
125.482 35.2501 4.41973 8.22449 0.685083 0.0842995
116.725 41.6442 5.10407 9.52355 0.940127 0.114003
108.306 47.914 5.73812 10.7362 1.23479 0.147534
100.265 54.0241 6.31955 11.8574 1.56741 0.184494
92.6213 59.9543 6.84824 12.8864 1.93618 0.224484
85.3765 65.6942 7.32546 13.8247 2.3392 0.267113
78.5242 71.2398 7.75329 14.6755 2.77457 0.31201
72.0525 76.591 8.13426 15.4428 3.2404 0.358821
65.946 81.7504 8.4711 16.1311 3.73486 0.407218
60.1881 86.722 8.76663 16.745 4.25615 0.456895
54.7612 91.5109 9.02364 17.2891 4.80255 0.507568
49.6478 96.1224 9.24484 17.7681 5.3724 0.558977
44.8307 100.562 9.43286 18.1862 5.9641 0.610882
40.2933 104.837 9.59015 18.5476 6.57614 0.663064
36.0196 108.951 9.71909 18.8564 7.20706 0.715325
31.9945 112.912 9.82186 19.1163 7.85546 0.767482
28.2034 116.724 9.90055 19.3308 8.52001 0.819372
24.6328 120.393 9.9571 19.5032 9.19944 0.870845
21.2697 123.924 9.99333 19.6368 9.89254 0.921768
18.1019 127.322 10.0109 19.7344 10.5982 0.97202
15.118 130.593 10.0115 19.7987 11.3152 1.02149
12.3072 133.74 9.99649 19.8324 12.0426 1.07009
9.6592 136.769 9.9673 19.8379 12.7793 1.11774
7.16447 139.684 9.9252 19.8174 13.5245 1.16434
4.81399 142.49 9.87138 19.7729 14.2772 1.20986
2.59925 145.189 9.80695 19.7066 15.0365 1.25421
0.512277 147.787 9.73294 19.6202 15.8016 1.29736
0 150.287 9.6503 19.5155 16.5718 1.33927
0 152.692 9.55993 19.394 17.3462 1.3799
0 155.007 9.46264 19.2573 18.1243 1.41922
0 157.234 9.3592 19.1067 18.9052 1.45722
0 159.377 9.25031 18.9436 19.6885 1.49386
0 161.439 9.13664 18.7691 20.4734 1.52915
0 163.422 9.01877 18.5845 21.2594 1.56307
0 165.331 8.89728 18.3907 22.046 1.59562
0 167.167 8.77268 18.1888 22.8326 1.62679
0 168.934 8.64545 17.9796 23.6188 1.6566
0 170.633 8.51602 17.764 24.4041 1.68505
0 172.268 8.3848 17.5429 25.188 1.71214
0 173.841 8.25217 17.3168 25.9702 1.73789
0 175.354 8.11846 17.0866 26.7502 1.7623
0 176.809 7.98398 16.8528 27.5277 1.78541
0 178.208 7.84903 16.6161 28.3023 1.80722
0 179.554 7.71387 16.377 29.0738 1.82774
0 180.849 7.57873 16.1359 29.8417 1.84701
0 182.094 7.44385 15.8933 30.6059 1.86505
0 183.291 7.30941 15.6498 31.3659 1.88186
0 184.443 7.17559 15.4056 32.1217 1.89749
0 185.55 7.04257 15.1612 32.8729 1.91194
0 186.614 6.91048 14.9168 33.6193 1.92526
0 187.638 6.77947 14.6728 34.3608 1.93745
0 188.622 6.64966 14.4295 35.097 1.94855
0 189.568 6.52114 14.1871 35.8279 1.95859
0 190.477 6.39402 13.9459 36.5532 1.96758
0 191.351 6.26838 13.7061 37.2728 1.97556
0 192.191 6.14429 13.4679 37.9866 1.98255
0 192.999 6.02183 13.2314 38.6944 1.98858
0 193.775 5.90104 12.9969 39.396 1.99368
0 194.521 5.78199 12.7644 40.0915 1.99787
0 195.237 5.6647 12.5342 40.7806 2.00117
0 195.926 5.54921 12.3063 41.4634 2.00362
0 196.587 5.43556 12.0808 42.1396 2.00524
0 197.223 5.32377 11.8579 42.8092 2.00606
0 197.833 5.21385 11.6375 43.4722 2.0061
0 198.419 5.10581 11.4199 44.1284 2.00538
0 198.982 4.99968 11.2051 44.7779 2.00394
0 199.523 4.89544 10.9931 45.4206 2.00179
0 200.043 4.79311 10.7839 46.0564 1.99896
0 200.541 4.69268 10.5776 46.6854 1.99548
0 201.02 4.59414 10.3743 47.3074 1.99136
0 201.479 4.49749 10.174 47.9224 1.98664
0 201.92 4.40272 9.97664 48.5305 1.98132
0 202.343 4.3098 9.7823 49.1316 1.97544

