CumYwDeaths CumYvDths CumYwvDths CumYtwDths CumYtvDths CumYtvwDths
0 0 0 0 0 0
30.3119 0.0745522 0.0106217 0.0194757 0.000132771 1.7781e-05
60.0355 0.535986 0.0753524 0.138373 0.00194196 0.000257471
88.8016 1.63489 0.226717 0.416978 0.00902347 0.00118416
116.403 3.52064 0.481431 0.886866 0.0262724 0.00341204
142.734 6.27699 0.84619 1.56136 0.059292 0.00761946
167.758 9.94533 1.32143 2.44232 0.114014 0.0144959
191.478 14.5399 1.90376 3.52458 0.196455 0.0247093
213.921 20.0575 2.58758 4.79881 0.312565 0.0388875
235.132 26.4842 3.36603 6.25334 0.468131 0.057607
255.161 33.7995 4.2317 7.87535 0.668722 0.0813886
274.066 41.9788 5.17701 9.65163 0.919656 0.110696
291.902 50.9954 6.19448 11.569 1.22598 0.145935
308.727 60.8218 7.27685 13.6147 1.59248 0.187458
324.597 71.4299 8.41721 15.7765 2.02366 0.235564
339.564 82.792 9.60904 18.0426 2.52375 0.290505
353.68 94.8809 10.8462 20.402 3.09674 0.352484
366.994 107.67 12.1229 22.8445 3.74633 0.421666
379.552 121.133 13.4339 25.3603 4.47601 0.498173
391.397 135.245 14.7742 27.9403 5.28903 0.582094
402.571 149.982 16.1393 30.5762 6.18841 0.673481
413.114 165.32 17.5248 33.26 7.17694 0.772362
423.061 181.237 18.9268 35.9845 8.25723 0.878731
432.447 197.711 20.3418 38.7429 9.43168 0.992563
441.306 214.72 21.7664 41.5289 10.7025 1.11381
449.667 232.246 23.1976 44.3367 12.0717 1.24239
457.559 250.267 24.6326 47.1609 13.5412 1.37822
465.011 268.766 26.0687 49.9965 15.1127 1.52121
472.046 287.724 27.5038 52.839 16.7877 1.67121
478.691 307.123 28.9356 55.6841 18.5675 1.82811
484.966 326.948 30.3621 58.5279 20.4536 1.99177
490.895 347.181 31.7817 61.3668 22.4469 2.16201
496.496 367.808 33.1926 64.1975 24.5484 2.33869
501.788 388.812 34.5935 67.0171 26.7591 2.52162
506.79 410.181 35.9831 69.8227 29.0797 2.71064
511.519 431.899 37.3601 72.6118 31.5108 2.90556
515.989 453.953 38.7236 75.3822 34.053 3.10619
520.216 476.33 40.0725 78.1317 36.7067 3.31235
524.215 499.019 41.4061 80.8584 39.4722 3.52383
527.997 522.006 42.7236 83.5607 42.3498 3.74045
531.576 545.281 44.0243 86.2369 45.3396 3.962
534.962 568.832 45.3078 88.8857 48.4418 4.18828
538.168 592.649 46.5735 91.5059 51.6563 4.41911
541.204 616.721 47.8209 94.0963 54.9831 4.65428
544.079 641.038 49.0499 96.656 58.422 4.89359
546.802 665.591 50.26 99.1841 61.9729 5.13685
549.382 690.37 51.4511 101.68 65.6354 5.38386
551.827 715.367 52.623 104.143 69.4093 5.63443
554.145 740.573 53.7755 106.572 73.2942 5.88837
556.343 765.98 54.9086 108.967 77.2896 6.14548
558.427 791.58 56.0222 111.328 81.3951 6.40559
560.405 817.365 57.1163 113.654 85.6102 6.66851
562.282 843.328 58.1909 115.945 89.9343 6.93406
564.064 869.462 59.2461 118.201 94.3667 7.20207
565.756 895.76 60.2819 120.422 98.9069 7.47235
567.364 922.216 61.2985 122.608 103.554 7.74475
568.891 948.823 62.296 124.758 108.308 8.01908
570.343 975.574 63.2746 126.873 113.167 8.2952
571.723 1002.47 64.2343 128.953 118.131 8.57294
573.036 1029.49 65.1754 130.998 123.199 8.85214
574.285 1056.64 66.0981 133.008 128.371 9.13266
575.475 1083.92 67.0026 134.983 133.644 9.41435
576.607 1111.31 67.8892 136.924 139.02 9.69705
577.685 1138.82 68.7579 138.83 144.495 9.98064
578.713 1166.43 69.6092 140.703 150.071 10.265
579.693 1194.15 70.4432 142.542 155.745 10.5499
580.627 1221.97 71.2601 144.347 161.517 10.8354
581.519 1249.89 72.0603 146.12 167.387 11.1212
582.369 1277.89 72.8441 147.86 173.352 11.4072
583.182 1305.98 73.6116 149.568 179.411 11.6934
583.958 1334.16 74.3631 151.243 185.565 11.9795
584.699 1362.42 75.099 152.888 191.812 12.2656
585.408 1390.75 75.8195 154.501 198.151 12.5515
586.086 1419.16 76.5248 156.083 204.581 12.837
586.735 1447.64 77.2153 157.635 211.101 13.1222
587.356 1476.18 77.8912 159.157 217.71 13.4068
587.951 1504.79 78.5529 160.65 224.406 13.6909
588.521 1533.47 79.2005 162.114 231.19 13.9742
589.067 1562.2 79.8343 163.549 238.059 14.2568
589.591 1590.98 80.4547 164.956 245.014 14.5386

